20170502  2.00
20170508  0.50
20170516  1.50
20171112  5.20
20171113  6.40
20171114  6.93
20171115  4.60
20171116  1.83
20171124  4.39
20171125  2.84
20171126  5.31
20171127  4.00
20171130  2.43
20171201  5.15
20171202  3.89
20171203  2.40
20171204  6.32
20171205  3.02
20171206  3.40
20171207  1.20
20171208  9.52
20171209  3.36
20171210 10.97
20171211  5.84
20171212  1.97
20171214  2.30
20171215  4.42
20171216  4.49
20171225  4.47
20171226  6.76
20171227  6.05
20170112  0.63
20170114  1.20
20170116  1.20
20170117  1.14
20170118  2.36
20170119  1.43
20170121  3.42
20170123  1.02
20170125  0.44
20170128  2.52
20170129  2.06
20170131  0.48
20170201  5.20
20170202  2.65
20170203  7.76
20170204  2.79
20170205  5.40
